-0.5631358623504639
-0.8787788152694702
-0.3894506096839905
-0.3094383180141449
0.4499446153640747
0.4090905487537384
-0.19992373883724213
-0.25085538625717163
-0.1034902036190033
-0.016362112015485764
0.3311057388782501
-0.09120958298444748
-0.31043243408203125
-0.3395697772502899
-0.07132589817047119
0.14240705966949463
0.04317290708422661
0.14674238860607147
-0.16772215068340302
-0.3660229742527008
0.43979623913764954
-0.2978682518005371
0.2298404574394226
-0.2771119773387909
0.5754525065422058
-0.45289289951324463
-0.03142666071653366
0.5729514360427856
-0.01027350127696991
0.13407282531261444
-0.3682132065296173
0.8708881139755249
-0.4184602200984955
-0.24637052416801453
0.20363391935825348
-0.1620195209980011
-0.27529266476631165
0.3889271914958954
0.6082518100738525
-0.4688166081905365
0.6049481630325317
0.07603160291910172
-0.3782433569431305
0.44155412912368774
0.25081533193588257
-0.6750127673149109
0.11903995275497437
-0.5984622240066528
0.03658866882324219
0.5267175436019897
-1.2407872676849365
0.2750280499458313
0.03774276375770569
-0.39786505699157715
-0.06895799934864044
0.3240727186203003
0.8064740300178528
0.13125188648700714
-0.8174952268600464
-0.6668203473091125
-0.21861812472343445
-0.004086717963218689
-0.38940200209617615
0.19010081887245178
-0.36955204606056213
0.8300724625587463
0.420421838760376
0.399911105632782
0.09551549702882767
-0.5682245492935181
-0.4476827085018158
0.10395607352256775
-0.4305250942707062
-0.5493229031562805
0.44751307368278503
-0.421953409910202
-0.6218724250793457
-0.15176524221897125
-0.6312606334686279
0.48532193899154663
-0.12692885100841522
-0.3487371802330017
0.21879558265209198
0.1629703789949417
0.25475966930389404
0.8301194310188293
0.2288629114627838
0.5338744521141052
-0.5519393086433411
0.2799062430858612
1.029805302619934
-0.40325453877449036
-0.43244317173957825
-0.1517246663570404
0.6912384033203125
0.5028622150421143
-0.29614439606666565
-0.8416419625282288
-1.0781574249267578
-0.2596660852432251
-0.629585862159729
0.41383421421051025
-0.37242797017097473
-1.0938807725906372
0.23460102081298828
-0.6103783845901489
0.5018576979637146
-0.7663373947143555
0.8076760768890381
0.2908911406993866
-0.4121730327606201
0.3032901883125305
0.5182400345802307
0.08652391284704208
-0.21097280085086823
-0.2588886022567749
-0.10256119817495346
0.6335417032241821
0.0353957898914814
-0.15928688645362854
-0.08643285930156708
0.649592399597168
1.4626401662826538
-0.16479706764221191
0.6827930212020874
-1.0851958990097046
0.25768980383872986
0.5604299902915955
